1.159839296060646692e-122
-7.703015904141016521e-122
-5.492549376728134476e-120
-1.349346398656987663e-118
-2.166107918719464404e-117
-1.194667173584950976e-116
6.418353308969184970e-115
3.410880422600254439e-113
1.097025024555227721e-111
2.754939708499265506e-110
5.757411255229547859e-109
9.284722752482107314e-108
7.419561332834982668e-107
-2.238652829328993714e-105
-1.459664088313722121e-103
-5.360670760297206894e-102
-1.562848194123939092e-100
-3.944012025718246838e-99
-8.580228673798271745e-98
-1.570504986064290519e-96
-1.975976872172365447e-95
5.590424654194278260e-95
1.450390427370397704e-92
6.574238657303629370e-91
2.149924312097116129e-89
5.984603438872273200e-88
1.472406914954557911e-86
3.127787616636268970e-85
5.458016156072748552e-84
6.020883505021519618e-83
-6.444973307483532596e-82
-6.758811801846270133e-80
-2.776122572785465004e-78
-8.793620034247041300e-77
-2.374778277304943243e-75
-5.579242809835294980e-74
-1.111383274955881469e-72
-1.666423293643291371e-71
-7.337388784825832042e-71
7.200509612562104925e-69
3.843406188042721164e-67
1.338258930013497179e-65
3.794180787774810878e-64
9.130971230596067725e-63
1.820554673122162011e-61
2.604194774360197854e-60
3.849177475291816508e-60
-1.498590095260097709e-57
-7.180161749938213447e-56
-2.346424066374536116e-54
-6.162178366020008370e-53
-1.311189881075772034e-51
-2.011381728319900384e-50
-6.777708625130908882e-50
9.967516649116355760e-48
4.953190849776154616e-46
1.585323241958567692e-44
3.891993787411301351e-43
7.053719230017857670e-42
5.947478429676331843e-41
-1.980518641845857492e-39
-1.258429242520508882e-37
-4.189402565533495686e-36
-9.875643699766342226e-35
-1.487153612788725552e-33
1.698402761416354862e-33
1.051119863327570752e-30
4.266677845783575326e-29
1.061345795289194594e-27
1.485146837610643450e-26
-1.098298027062247069e-25
-1.419206321699460650e-23
-4.747503957694911878e-22
-8.469677453679915708e-21
5.230690360746631814e-21
5.870366539850331836e-18
2.004849733218426351e-16
2.751173531177882779e-15
-4.756269807320447597e-14
-3.315441004966233292e-12
-6.222526729783960410e-11
6.260311109617696608e-10
5.775012900863676721e-08
7.847276688144375023e-07
-2.614288001384011380e-05
-9.065111414877361678e-04
1.008169136333367417e-02
6.733470068261746544e-01
-9.419409560701621942e+00
-3.698348323721816087e+02
1.498496332265536148e+04
-2.629429994979451294e+05
2.859474194181317464e+06
-2.105555887438826635e+07
1.074867258784443587e+08
-3.759514759263930917e+08
8.606351532488354445e+08
-1.187823229869965315e+09
5.751138408938329220e+08
8.519470304218277931e+09
-1.070445371107692719e+09
