1.019346183236138400e-122
-6.780456112423166848e-122
-4.829548662770704464e-120
-1.185911593108367464e-118
-1.902400670866117790e-117
-1.043671276860023388e-116
5.657258500614834364e-115
3.001319433684809632e-113
9.647370587143022784e-112
2.421429088814353436e-110
5.057266446732269764e-109
8.145557559684160587e-108
6.470749009355538957e-107
-1.981714856544782827e-105
-1.286285274146863660e-103
-4.718479884426491996e-102
-1.374632002506327311e-100
-3.466880486399392873e-99
-7.536304042739349208e-98
-1.377728269492987442e-96
-1.727351120030379838e-95
5.193699662193859335e-95
1.281928622120455569e-92
5.794770508014367300e-91
1.892759049872899787e-89
5.264304225008345635e-88
1.294168036434960442e-86
2.746273378285247717e-85
4.783441459716963979e-84
5.244233676243397187e-83
-5.804875052099294244e-82
-5.976250295743277509e-80
-2.447985566924651017e-78
-7.743727719471748334e-77
-2.089077913708807519e-75
-4.902681620338928571e-74
-9.750949542270548574e-73
-1.457036503410322062e-71
-6.197221809676451321e-71
6.398877154507069445e-69
3.394943171788164049e-67
1.179632764204757699e-65
3.339808487240246181e-64
8.026591458686091481e-63
1.597321000092043053e-61
2.274708359283955595e-60
2.896406544018956689e-60
-1.330745910944120479e-57
-6.342557769335753455e-56
-2.068187174292673739e-54
-5.422336793964777924e-53
-1.151423350815954855e-51
-1.758869575010078407e-50
-5.605108095245383093e-50
8.864087634592516959e-48
4.377682948558325959e-46
1.397568581948496160e-44
3.423636167705759791e-43
6.184332223661006140e-42
5.137665682051231102e-41
-1.771027158991236813e-39
-1.113624505039835972e-37
-3.695373339571267412e-36
-8.686989195968744782e-35
-1.301141095365060556e-33
1.802748143015341610e-33
9.332386233932832469e-31
3.769101915126488963e-29
9.344490760843858190e-28
1.298900696027146654e-26
-1.003203601775413474e-25
-1.258389704417766007e-23
-4.190520511673771067e-22
-7.437340551538630022e-21
6.115033552064902983e-21
5.211919703006009705e-18
1.770522190665168624e-16
2.410731778478727994e-15
-4.265286596645454980e-14
-2.936376414377548129e-12
-5.477014167791953445e-11
5.640632958175940132e-10
5.118047004356585914e-08
6.897134131594394396e-07
-2.328490636238053001e-05
-8.019286613533208865e-04
9.020746520390142062e-03
5.967244980648640507e-01
-8.390903725195112628e+00
-3.277607484534820514e+02
1.329394662870024513e+04
-2.329051890550738608e+05
2.522087611977254506e+06
-1.841246351386290416e+07
9.249333240537898242e+07
-3.142687890892088413e+08
6.863927391166658401e+08
-9.214985326411437988e+08
6.717113285637328625e+08
7.567124230338487625e+09
-9.285717742632950544e+08
